Brain
0.4047619 17
Breast
0.3586957 99
Colon
0.4193548 26
Leukemia
0.4583333 33
Lung1
0.3314917 60
Lung2
0.4581281 93
lymphoma
0.3870968 24
Prostate
0.4117647 42
srbct
0.5873016 37
SuCancer
0.3275862 57
Brain
0.6666667 28
0.4761905 20
0.452381 19
0.4047619 17
0.4285714 18
0.4285714 18
0.4285714 18
0.4285714 18
0.4047619 17
0.452381 19
Breast
Colon
0.4032258 25
0.4193548 26
0.5 31
0.4193548 26
0.5 31
0.4193548 26
0.4193548 26
0.483871 30
0.483871 30
0.483871 30
Leukemia
0.4861111 35
0.4166667 30
0.4861111 35
0.4583333 33
0.4166667 30
0.1666667 12
0.2083333 15
0.3611111 26
0.2083333 15
0.1666667 12
Lung1
0.01104972 2
0.01104972 2
0.480663 87
Lung2
0.408867 83
0.3497537 71
0.3743842 76
0.4581281 93
0.453202 92
0.4433498 90
0.4334975 88
0.4729064 96
0.4482759 91
0.4236453 86
lymphoma
0.5 31
0.4677419 29
0.3709677 23
0.3870968 24
0.4032258 25
0.3709677 23
0.4032258 25
0.4032258 25
0.4677419 29
0.4677419 29
Prostate
0.4215686 43
0.4215686 43
0.4117647 42
0.4117647 42
0.4117647 42
0.4117647 42
0.4313725 44
0.4313725 44
0.4313725 44
0.4313725 44
srbct
0.6190476 39
0.5873016 37
0.6031746 38
0.5873016 37
0.6031746 38
0.6031746 38
0.6031746 38
0.6031746 38
0.6031746 38
0.6031746 38
SuCancer
0.5 87
0.3908046 68
0.4770115 83
0.3275862 57
0.3908046 68
0.3390805 59
0.4885057 85
0.4770115 83
0.4310345 75
0.4367816 76
