Brain
5578 5578 5578 5578 5578
5578 5578 5578 5578 5578
5578 5578 5578 5578 5578
5578 5578 5578 5578 5578
5578 5578 5578 5578 5578
5578 5578 5578 5578 5578
0.2857143 12 0 64.6477
Breast
19661 19661 19661 19661 19661
19661 19661 19661 19661 19661
19661 19661 19661 19661 19661
19661 19661 19661 19661 19661
19661 19661 19661 19661 19661
19661 19661 19661 19661 19661
0.442029 122 0 91.63042
Colon
2000 2000 2000 2000 2000
2000 2000 2000 2000 2000
2000 2000 2000 2000 2000
2000 2000 2000 2000 2000
2000 2000 2000 2000 2000
2000 2000 2000 2000 2000
0.4677419 29 0 30.30251
Leukemia
3571 3571 3571 3571 3571
3571 3571 3571 3571 3571
3571 3571 3571 3571 3571
3571 3571 3571 3571 3571
3571 3571 3571 3571 3571
3571 3571 3571 3571 3571
0.2777778 20 0 42.71193
Lung1
12533 12533 12533 12533 12533
12533 12533 12533 12533 12533
12533 12533 12533 12533 12533
12533 12533 12533 12533 12533
12533 12533 12533 12533 12533
12533 12533 12533 12533 12533
0.1160221 21 0 70.43493
Lung2
12600 12600 12600 12600 12600
12600 12600 12600 12600 12600
12600 12600 12600 12600 12600
12600 12600 12600 12600 12600
12600 12600 12600 12600 12600
12600 12600 12600 12600 12600
0.4482759 91 0 88.32568
lymphoma
3999 3999 3999 3999 3999
3999 3999 3999 3999 3999
3999 3999 3999 3999 3999
3999 3999 3999 3999 3999
3999 3999 3999 3999 3999
3999 3999 3999 3999 3999
0.3870968 24 0 50.79794
Prostate
6033 6033 6033 6033 6033
6033 6033 6033 6033 6033
6033 6033 6033 6033 6033
6033 6033 6033 6033 6033
6033 6033 6033 6033 6033
6033 6033 6033 6033 6033
0.4215686 43 0 64.39409
srbct
2308 2308 2308 2308 2308
2308 2308 2308 2308 2308
2308 2308 2308 2308 2308
2308 2308 2308 2308 2308
2308 2308 2308 2308 2308
2308 2308 2308 2308 2308
0.5555556 35 0 41.70003
SuCancer
7909 7909 7909 7909 7909
7909 7909 7909 7909 7909
7909 7909 7909 7909 7909
7909 7909 7909 7909 7909
7909 7909 7909 7909 7909
7909 7909 7909 7909 7909
0.4770115 83 0 54.63539
Lung2
